1273569944081510400 100
1269647304828452865 111
1007225679111434242 111
1254152622929518594 110
1267478298361298946 100
1266183819956117504 110
1267572461094174722 111
1266613385862447104 110
1265631272937947137 110
1258312402694737930 111
1257048743268016128 100
1255585263172059137 101
1254363241553317888 111
1264224856733671424 110
1165669152406851590 110
1245084704899887104 110
1246432655773773825 110
1241922617155690497 110
1236344637205491712 110
1224060043626151936 111
1214276066086395906 101
1246390328933920769 100
984053760312991746 111
1207119076511891456 110
1213139727651606528 110
1198339247163482113 111
1089188647520423939 110
342775462671572992 101
514007743657959426 110
1192068066819002379 110
1176449882317578242 110
956883430574260224 110
1262841674947944448 101
1168652785858031618 101
1183884763129663490 110
1272360234175082496 110
1165817420432457728 110
1151837539155742721 101
1150134989943660545 110
1148698540123807750 110
1147768498854043649 111
1144570249766998016 110
1144627162391048192 111
1138825739002961920 101
1135673841961689089 100
514134922525962241 100
1129439204285587458 101
1246801108414201856 110
1272223849824882690 110
1189017279436120064 111
1121107218097737728 101
1122025740504117248 111
519188269821853696 110
1112746443566129152 111
1111494989576470528 101
1210448309623705600 110
1140935687820185600 110
1272222678510952450 101
1273940802167877633 101
1195891023857082369 110
1220060914638032901 111
1163893259678224384 111
1273730764908027905 100
1084976147643871232 110
1069759449328484353 110
1068681950469210112 110
1066473797270663168 100
939613965461610497 110
318280266747617280 101
1066797920010137600 110
1069621650730168321 111
810866025621131265 110
1062039577483972612 110
1062695085106700288 101
1064470305987383297 110
1059274006547886081 110
1057571575547990016 101
1145455980160933889 101
1056668136915660801 100
1055289033302138880 110
1072494210400616449 111
1050833008276586496 110
1037530849724510208 101
1046541060757966849 110
1090301547727151105 100
1044629706337914881 100
1044695109638459395 110
1043311235117109248 100
1275251419658850304 100
980344432393375744 111
1041062519203348483 110
983684217942036480 111
1033075934415519746 101
944784991854133248 111
852227180943769600 110
1029103432228057089 101
1028132839068512256 101
978845040813502466 101
1024270725207736321 110
1218174066630197248 100
1077826309861056512 111
1216928446468591621 101
956437909623762944 111
https://imgur.com/gallery/v751n 100
1016842226675212293 100
1014273791776747520 101
1006397160622055429 110
831082172677189633 110
998973369637732353 101
996648794149326848 110
https://www.reddit.com/r/OldSchoolCool/comments/27e05p/nikola_tesla_swim_instructor_damn_he_had_game/ 110
674104731011190784 111
https://www.facebook.com/FreedomUncut/photos/fu/407282590001583/ 101
708270131336650753 110
993708442501005312 101
743833540706566144 111
618713009763041280 101
431389802122850304 101
https://imgur.com/gallery/SSlmEPw 110
1033014066095239168 110
993586585768792067 101
https://www.reddit.com/r/TopMindsOfReddit/comments/87m38y/alex_jones_released_a_rant_on_david_hogg_being_a/ 110
979532003933544448 110
1254513217780449283 111
973850177554534401 110
961001531888881664 101
https://imgur.com/gallery/QXHNu3n/comment/529349445 100
963972415905783809 110
https://www.reddit.com/r/pics/comments/7wzpbm/thailand_perfectly_depicts_western_poachers/  101
829183172051087360 111
958920247813312512 110
958153870169071617 110
1249001302266466304 100
https://www.reddit.com/r/pics/comments/7tdyld/elephants_mountain/ 111
950376609055494145 111
947965107761569793 101
402506502109663232 111
1166965669616685057 110
1180667945992802304 101
1273977040631484419 101
923906725614444544 110